curl -X POST http://localhost:8085/api/v1/embeddings/query \
-H "Content-Type: application/json" \
-d '{
  "texts": ["notebook"],
  "type": "query"
}' > query.json




GET /products_index/_search
{
  "size": 10,
  "query": {
    "knn": {
      "product_vector": {
        "vector": [
                -0.10803569108247757,
                0.009972400963306427,
                -0.011272137053310871,
                -0.0020110472105443478,
                -0.019956855103373528,
                0.020495282486081123,
                0.04102582484483719,
                0.024323562160134315,
                0.126192107796669,
                0.004933645948767662,
                0.037835367023944855,
                0.04996199905872345,
                -0.030946094542741776,
                0.027102114632725716,
                -0.0038294298574328423,
                -0.02787371724843979,
                0.06720215082168579,
                -0.08975224196910858,
                -0.037654198706150055,
                0.022205032408237457,
                -0.0614076629281044,
                0.033541858196258545,
                -0.009406620636582375,
                -0.023021148517727852,
                0.04206676408648491,
                -0.017652252689003944,
                0.0013606399297714233,
                -0.04200514405965805,
                -0.05365024507045746,
                -0.059639863669872284,
                0.03160952404141426,
                0.012653256766498089,
                -0.03525476157665253,
                0.04521123319864273,
                0.030989238992333412,
                -0.13340187072753906,
                0.008161410689353943,
                -0.0020065854769200087,
                0.09108459204435349,
                -0.07591996341943741,
                -0.049832023680210114,
                -0.06748530268669128,
                -0.0059118629433214664,
                0.007115726359188557,
                0.0820985659956932,
                -0.03698970749974251,
                0.04490843415260315,
                -0.014209826476871967,
                0.05556159466505051,
                0.027530675753951073,
                -0.0009887829655781388,
                -0.007756846025586128,
                -0.08528870344161987,
                -0.01790383644402027,
                -0.06318560987710953,
                0.06854613125324249,
                0.012445869855582714,
                0.0389348566532135,
                0.021361535415053368,
                0.004779258742928505,
                0.05354372784495354,
                -0.05294173210859299,
                -0.05127228796482086,
                0.05193812772631645,
                0.0011740640038624406,
                -0.010327735915780067,
                -0.0037634014151990414,
                -0.0233805812895298,
                0.0346747525036335,
                -0.011852412484586239,
                0.012097910977900028,
                0.028966916725039482,
                0.02103077620267868,
                0.014483568258583546,
                0.0055008684284985065,
                -0.08411160111427307,
                0.014552032575011253,
                -0.007863438688218594,
                0.0484502948820591,
                -0.043059803545475006,
                -0.03561605513095856,
                -0.02914225123822689,
                -0.0058715250343084335,
                0.05209185555577278,
                0.02398109994828701,
                0.0010630295146256685,
                -0.013517508283257484,
                0.04910995811223984,
                -0.05403758957982063,
                -0.06538665294647217,
                0.0028645778074860573,
                -0.049930229783058167,
                0.009754848666489124,
                0.025631187483668327,
                -0.18514281511306763,
                -0.06129325553774834,
                0.08363775163888931,
                -0.03654244542121887,
                -0.04923797398805618,
                0.21481411159038544,
                0.03951115161180496,
                0.06658775359392166,
                0.11914379894733429,
                0.00393952801823616,
                0.0507216602563858,
                -0.05043530836701393,
                0.04137968644499779,
                -0.018612174317240715,
                -0.027786022052168846,
                -0.0370684377849102,
                -0.03381462022662163,
                -0.05265408754348755,
                -0.049192652106285095,
                0.0301088597625494,
                0.051571015268564224,
                -0.030618268996477127,
                0.030297525227069855,
                0.03658643364906311,
                0.05718909204006195,
                0.11846025288105011,
                0.01815912313759327,
                0.030757928267121315,
                -0.02431192621588707,
                -0.027847222983837128,
                -0.127846822142601,
                0.002232222817838192,
                -0.017767401412129402,
                -2.7147674690256098e-33,
                0.04048892855644226,
                0.008658035658299923,
                -0.014523494988679886,
                0.009229646995663643,
                0.042870502918958664,
                -0.0003901747986674309,
                0.0008309939876198769,
                -0.039041195064783096,
                -0.03385936841368675,
                0.03279454633593559,
                -0.06959795951843262,
                -0.02621169202029705,
                -0.02593032270669937,
                0.0256076380610466,
                0.07427789270877838,
                0.009737261570990086,
                -0.07710235565900803,
                0.02810460701584816,
                0.009067799896001816,
                0.0017752498388290405,
                0.007707318291068077,
                -0.030506519600749016,
                -0.021586697548627853,
                -0.018357904627919197,
                0.034815337508916855,
                0.0022699336986988783,
                -0.019915951415896416,
                -0.028698856011033058,
                0.010608603246510029,
                0.060455068945884705,
                -0.022254543378949165,
                0.008967718109488487,
                -0.05622485652565956,
                -0.1376035064458847,
                -0.05362341180443764,
                -0.014371290802955627,
                -0.04459235072135925,
                -0.07642253488302231,
                0.10164865851402283,
                -0.049135029315948486,
                -0.07562094926834106,
                0.05640255659818649,
                -0.0852305218577385,
                -0.0026277336291968822,
                0.05347525700926781,
                0.07046200335025787,
                0.06332878023386002,
                0.13376134634017944,
                0.01326977089047432,
                0.030429750680923462,
                -0.11995231360197067,
                -0.05875237286090851,
                0.017701324075460434,
                -0.025057440623641014,
                -0.051891349256038666,
                -0.03815005347132683,
                0.06897285580635071,
                0.05551373213529587,
                0.10937464237213135,
                0.03548823297023773,
                0.07580948621034622,
                0.06890827417373657,
                -0.09529753029346466,
                0.058103788644075394,
                -0.04294553026556969,
                0.048470135778188705,
                0.009952152147889137,
                0.01782107912003994,
                -0.01864044740796089,
                -0.03846796602010727,
                -0.07535934448242188,
                -0.05488705635070801,
                0.09629709273576736,
                -0.0332142673432827,
                0.020183535292744637,
                0.008156465366482735,
                -0.0201155636459589,
                0.0109795443713665,
                -0.13849584758281708,
                -0.09037961065769196,
                -0.033659230917692184,
                -0.013341010548174381,
                -0.003338656621053815,
                -0.03197278454899788,
                -0.022609636187553406,
                0.09264146536588669,
                -0.02773798443377018,
                -0.06922990083694458,
                -0.02672816626727581,
                0.00980442762374878,
                -0.006185438018292189,
                -0.02118285931646824,
                0.05862465873360634,
                0.020810220390558243,
                -0.01805719919502735,
                2.8584914898808046e-33,
                0.007665719836950302,
                -0.034473538398742676,
                -0.0520341657102108,
                0.02798359841108322,
                0.08564546704292297,
                0.026532888412475586,
                -0.02129599265754223,
                0.00371411070227623,
                -0.01083330437541008,
                0.0050629847683012486,
                -0.039817582815885544,
                -0.0012121648760512471,
                0.050803057849407196,
                0.021338362246751785,
                0.08020751178264618,
                0.05671964958310127,
                0.0010632696794345975,
                -0.05032334849238396,
                0.0032189644407480955,
                -0.03094673529267311,
                -0.09244190156459808,
                -0.06310341507196426,
                -0.009304772131145,
                -0.00023676257114857435,
                0.04443127661943436,
                0.0024016317911446095,
                -0.09200084954500198,
                -0.02393507957458496,
                0.003960444126278162,
                0.022496772930026054,
                -0.018461361527442932,
                -0.06812664121389389,
                0.017772145569324493,
                0.07939740270376205,
                0.025380047038197517,
                -0.01621958613395691,
                0.09701258689165115,
                -0.03540339693427086,
                0.012786478735506535,
                -0.0028439832385629416,
                0.09749690443277359,
                0.053932011127471924,
                -0.024844788014888763,
                0.1198841854929924,
                0.03923247754573822,
                0.020701942965388298,
                -0.06080181151628494,
                -0.02906206250190735,
                -0.0651693046092987,
                -0.029638832435011864,
                -0.03748197853565216,
                -0.010427171364426613,
                0.03575670346617699,
                -0.05115104094147682,
                -0.029845889657735825,
                0.0117220189422369,
                0.03221378102898598,
                0.048527274280786514,
                0.04098990559577942,
                -0.039610669016838074,
                -0.03449545428156853,
                0.005642998497933149,
                -0.01814356818795204,
                0.006014196667820215,
                -0.016836384311318398,
                -0.0217280350625515,
                -0.0017243606271222234,
                0.11608260124921799,
                -0.0052190679125487804,
                -0.012248830869793892,
                0.019346898421645164,
                -0.006792349275201559,
                -0.0040389555506408215,
                -0.005587225779891014,
                -0.01386710349470377,
                0.012065364047884941,
                -0.02981029637157917,
                -0.07302218675613403,
                -0.05995342135429382,
                0.002482201438397169,
                0.04029858112335205,
                -0.01750325970351696,
                0.01695401594042778,
                0.015294995158910751,
                -0.007929571904242039,
                -0.033777229487895966,
                0.05943772941827774,
                0.07903268188238144,
                -0.02690213732421398,
                -0.015383569523692131,
                0.05833974480628967,
                0.005197140853852034,
                -0.019542748108506203,
                0.040824536234140396,
                0.006629630923271179,
                -1.0306887787692176e-08,
                -0.035934239625930786,
                0.009498627856373787,
                0.010927965864539146,
                0.008847136050462723,
                0.006136246491223574,
                -0.047215621918439865,
                0.0993322879076004,
                0.10427771508693695,
                0.09662921726703644,
                0.05795443430542946,
                0.0033021613489836454,
                -0.07608554512262344,
                -0.010853414423763752,
                0.06565548479557037,
                -0.03618105128407478,
                0.06189639866352081,
                0.007462072651833296,
                0.048367273062467575,
                -0.004712305497378111,
                -0.010708832181990147,
                0.06472493708133698,
                0.015301944687962532,
                0.07194481790065765,
                0.02167273871600628,
                0.04703840613365173,
                -0.04991593211889267,
                -0.04186142608523369,
                0.05505526438355446,
                0.017518460750579834,
                -0.027934784069657326,
                -0.07316548377275467,
                0.04229727387428284,
                0.03990032151341438,
                -0.03785225749015808,
                -0.0026206981856375933,
                -0.038645826280117035,
                0.08525586128234863,
                0.02517399564385414,
                0.0473969466984272,
                0.07207830250263214,
                -0.021430766209959984,
                -0.0620100311934948,
                -0.03437542915344238,
                -0.06742416322231293,
                0.05105475336313248,
                -0.02015264704823494,
                0.03188103064894676,
                -0.12860356271266937,
                -0.008600153028964996,
                0.02469870261847973,
                -0.009751014411449432,
                0.004925215151160955,
                0.06909528374671936,
                0.03846823424100876,
                0.013879608362913132,
                0.02934936434030533,
                -0.08305064588785172,
                0.08217540383338928,
                -0.03873956575989723,
                0.02437741681933403,
                0.16755640506744385,
                0.04606163129210472,
                0.0041688489727675915,
                0.004740778356790543
        ],
        "k": 10
      }
    }
  }
}